1.000000,0.820288,0.631660,0.565743,0.499807,0.811529,0.578914,0.797415
0.820288,1.000000,0.657618,0.622333,0.530290,0.807247,0.474875,0.789813
0.631660,0.657618,1.000000,0.729212,0.604471,0.722389,0.459666,0.706071
0.565743,0.622333,0.729212,1.000000,0.660102,0.706401,0.400011,0.660664
0.499807,0.530290,0.604471,0.660102,1.000000,0.637420,0.382613,0.635199
0.811529,0.807247,0.722389,0.706401,0.637420,1.000000,0.506941,0.872403
0.578914,0.474875,0.459666,0.400011,0.382613,0.506941,1.000000,0.572018
0.797415,0.789813,0.706071,0.660664,0.635199,0.872403,0.572018,1.000000
